[430 185]
[429 186]
[428 186]
[427 186]
[426 186]
[425 187]
[424 187]
[423 187]
[422 187]
[421 188]
[420 188]
[419 188]
[418 188]
[417 188]
[416 189]
[415 189]
[414 189]
[413 189]
[412 189]
[411 190]
[410 190]
[409 191]
[408 191]
[407 192]
[406 192]
[405 193]
[404 194]
[403 194]
[402 195]
[401 196]
[400 197]
[399 197]
[398 198]
[397 198]
[396 199]
[395 199]
[394 200]
[393 200]
[392 201]
[391 202]
[390 203]
[389 204]
[389 205]
[389 206]
[388 207]
[388 208]
[387 209]
[387 210]
[387 211]
[386 212]
[386 213]
[386 214]
[385 215]
[385 216]
[385 217]
[385 218]
[384 219]
[384 220]
[384 221]
[383 222]
[383 223]
[383 224]
[383 225]
[382 226]
[382 227]
[382 228]
[382 229]
[382 230]
[382 231]
[381 232]
[381 233]
[381 234]
[381 235]
[381 236]
[381 237]
[381 238]
[381 239]
[380 240]
[380 241]
[380 242]
[380 243]
[379 244]
[379 245]
[379 246]
[379 247]
[379 248]
[379 249]
[378 250]
[378 251]
[378 252]
[378 253]
[378 254]
[378 255]
[377 256]
[377 257]
[377 258]
[377 259]
[377 260]
[377 261]
[376 262]
[376 263]
[376 264]
[376 265]
[376 266]
[376 267]
[376 268]
[376 269]
[376 270]
[375 271]
[375 272]
[375 273]
[375 274]
[375 275]
[375 276]
[376 277]
[376 278]
[376 279]
[376 280]
[377 281]
[377 282]
[377 283]
[378 284]
[378 285]
[379 286]
[380 287]
[381 288]
[382 289]
[383 290]
[384 291]
[385 292]
[386 293]
[387 294]
[388 294]
[389 295]
[390 296]
[391 297]
[392 298]
[393 299]
[394 300]
[395 301]
[395 302]
[396 303]
[397 304]
[398 305]
[399 306]
[400 306]
[401 307]
[402 308]
[403 308]
[404 308]
[405 309]
[406 309]
[407 310]
[408 310]
[409 310]
[410 310]
[411 311]
[412 311]
[413 311]
[414 311]
[415 311]
[416 311]
[417 311]
[418 310]
[419 310]
[420 310]
[421 310]
[422 310]
[423 310]
[424 309]
[425 309]
[426 309]
[427 308]
[428 308]
[429 307]
[430 307]
[431 306]
[432 306]
[433 305]
[434 305]
[435 304]
[436 304]
[437 303]
[438 302]
[439 302]
[440 301]
[441 301]
[442 300]
[443 300]
[444 299]
[445 298]
[446 298]
[447 298]
[448 298]
[449 297]
[450 297]
[451 297]
[452 297]
[453 297]
[454 297]
[455 296]
[456 296]
[457 296]
[458 296]
[459 296]
[460 296]
[461 296]
[462 296]
[463 296]
[464 296]
[465 296]
[466 296]
[467 296]
[468 296]
[469 296]
[470 296]
[471 296]
[472 296]
[473 295]
[474 295]
[475 295]
[476 295]
[477 295]
[478 294]
[479 294]
[480 294]
[481 293]
[482 292]
[483 292]
[484 291]
[484 290]
[485 289]
[486 288]
[486 287]
[486 286]
[487 285]
[487 284]
[488 283]
[488 282]
[489 281]
[489 280]
[489 279]
[490 278]
[490 277]
[491 276]
[491 275]
[491 274]
[492 273]
[492 272]
[493 271]
[494 270]
[494 269]
[494 268]
[495 267]
[496 266]
[496 265]
[496 264]
[497 263]
[497 262]
[498 261]
[498 260]
[498 259]
[498 258]
[498 257]
[498 256]
[498 255]
[498 254]
[498 253]
[498 252]
[498 251]
[498 250]
[497 249]
[497 248]
[496 247]
[496 246]
[496 245]
[495 244]
[495 243]
[495 242]
[494 241]
[494 240]
[494 239]
[493 238]
[492 237]
[491 236]
[490 235]
[489 234]
[488 233]
[487 233]
[486 232]
[485 232]
[484 231]
[483 231]
[482 230]
[481 230]
[480 230]
[479 229]
[478 229]
[477 228]
[476 228]
[475 227]
[474 226]
[474 225]
[474 224]
[473 223]
[473 222]
[473 221]
[473 220]
[472 219]
[472 218]
[471 217]
[471 216]
[470 215]
[470 214]
[470 213]
[469 212]
[469 211]
[468 210]
[468 209]
[467 208]
[467 207]
[466 206]
[466 205]
[465 204]
[465 203]
[464 202]
[463 201]
[463 200]
[462 199]
[461 198]
[461 197]
[460 196]
[459 195]
[458 195]
[457 194]
[456 193]
[455 192]
[454 192]
[453 191]
[452 190]
[451 189]
[450 188]
[449 188]
[448 187]
[447 187]
[446 186]
[445 186]
[444 186]
[443 185]
[442 185]
[441 185]
[440 185]
[439 185]
[438 185]
[437 185]
[436 185]
[435 185]
[434 185]
[433 185]
[432 185]
[431 185]
