[816 222]
[815 223]
[814 223]
[813 223]
[812 223]
[811 223]
[810 223]
[809 223]
[808 223]
[807 223]
[806 223]
[805 223]
[804 223]
[803 223]
[802 223]
[801 223]
[800 223]
[799 223]
[798 223]
[797 223]
[796 223]
[795 223]
[794 224]
[793 224]
[792 224]
[791 224]
[790 224]
[789 224]
[788 224]
[787 224]
[786 224]
[785 224]
[784 224]
[783 224]
[782 224]
[781 225]
[780 225]
[779 225]
[778 225]
[777 225]
[776 225]
[775 225]
[774 225]
[773 225]
[772 225]
[771 225]
[770 225]
[769 225]
[768 225]
[767 225]
[766 225]
[765 225]
[764 225]
[763 225]
[762 225]
[761 225]
[760 225]
[759 225]
[758 225]
[757 225]
[756 225]
[755 225]
[754 225]
[753 225]
[752 226]
[751 226]
[750 226]
[749 226]
[748 226]
[747 226]
[746 226]
[745 226]
[744 226]
[743 226]
[742 226]
[741 226]
[740 226]
[739 226]
[738 226]
[737 226]
[736 226]
[735 226]
[734 226]
[733 226]
[732 225]
[731 225]
[730 225]
[729 225]
[728 226]
[727 226]
[726 226]
[725 226]
[724 226]
[723 226]
[722 226]
[721 226]
[720 226]
[719 226]
[718 226]
[717 226]
[716 226]
[715 226]
[714 226]
[713 226]
[712 226]
[711 226]
[710 226]
[709 226]
[708 226]
[707 226]
[706 226]
[705 226]
[704 226]
[703 226]
[702 226]
[701 226]
[700 226]
[699 226]
[698 226]
[697 226]
[696 226]
[695 226]
[694 226]
[693 226]
[692 226]
[691 226]
[690 226]
[689 226]
[688 226]
[687 226]
[686 226]
[685 226]
[684 226]
[683 225]
[682 225]
[681 225]
[680 225]
[679 225]
[678 225]
[677 225]
[676 225]
[675 225]
[674 225]
[673 225]
[672 225]
[671 225]
[670 225]
[669 225]
[668 225]
[667 225]
[666 225]
[665 225]
[664 225]
[663 225]
[662 225]
[661 225]
[660 225]
[659 225]
[658 225]
[657 225]
[656 225]
[655 225]
[654 225]
[653 225]
[652 225]
[651 225]
[650 225]
[649 225]
[648 225]
[647 225]
[646 225]
[645 225]
[644 225]
[643 225]
[642 225]
[641 225]
[640 226]
[639 226]
[638 226]
[637 226]
[636 226]
[635 226]
[634 226]
[633 226]
[632 226]
[631 226]
[630 226]
[629 226]
[628 226]
[627 226]
[626 226]
[625 226]
[624 226]
[623 226]
[622 226]
[621 226]
[620 226]
[619 226]
[618 226]
[617 227]
[616 227]
[615 227]
[614 227]
[613 228]
[612 228]
[611 229]
[610 229]
[609 230]
[608 231]
[607 231]
[606 232]
[605 233]
[604 234]
[603 234]
[602 235]
[601 236]
[600 237]
[599 237]
[598 238]
[597 239]
[596 240]
[595 241]
[594 242]
[593 242]
[592 243]
[591 244]
[590 245]
[589 246]
[588 247]
[587 247]
[586 248]
[585 249]
[584 250]
[583 251]
[582 252]
[581 253]
[580 254]
[579 255]
[578 256]
[577 256]
[576 257]
[575 258]
[574 259]
[573 260]
[572 261]
[571 261]
[570 262]
[569 263]
[568 264]
[567 265]
[566 265]
[565 266]
[564 267]
[563 268]
[562 269]
[561 269]
[560 270]
[559 271]
[558 272]
[557 273]
[556 273]
[555 274]
[554 275]
[553 276]
[552 277]
[551 278]
[550 278]
[549 279]
[548 280]
[547 281]
[546 282]
[545 283]
[544 284]
[543 285]
[542 286]
[541 287]
[540 288]
[539 289]
[538 290]
[537 291]
[536 292]
[535 293]
[534 294]
[533 294]
[532 295]
[531 296]
[530 297]
[529 298]
[528 299]
[527 300]
[526 301]
[525 302]
[524 303]
[523 304]
[522 305]
[521 306]
[520 307]
[519 308]
[518 309]
[517 310]
[516 311]
[515 312]
[514 313]
[513 314]
[512 315]
[511 316]
[510 317]
[509 318]
[508 319]
[507 320]
[506 321]
[505 322]
[504 323]
[503 324]
[502 325]
[501 326]
[500 327]
[500 328]
[499 329]
[498 330]
[497 331]
[496 332]
[495 332]
[494 333]
[493 334]
[492 335]
[491 336]
[490 337]
[489 338]
[488 339]
[487 340]
[486 341]
[485 342]
[484 343]
[483 344]
[482 345]
[481 346]
[480 347]
[479 348]
[478 349]
[477 350]
[476 351]
[475 352]
[474 353]
[473 354]
[472 355]
[471 356]
[470 357]
[469 357]
[469 358]
[468 359]
[467 359]
[466 360]
[465 361]
[464 362]
[463 363]
[462 364]
[461 365]
[460 366]
[459 367]
[458 368]
[457 369]
[456 370]
[455 370]
[454 371]
[453 372]
[452 373]
[451 374]
[450 375]
[449 376]
[448 377]
[447 378]
[446 379]
[445 380]
[444 381]
[443 382]
[442 383]
[441 384]
[440 385]
[439 386]
[438 387]
[437 388]
[436 389]
[435 390]
[434 391]
[433 392]
[432 393]
[431 394]
[430 395]
[429 396]
[428 397]
[427 398]
[426 399]
[425 400]
[425 401]
[425 402]
[425 403]
[426 404]
[427 404]
[428 405]
[429 405]
[430 405]
[431 405]
[432 405]
[433 405]
[434 405]
[435 405]
[436 405]
[437 405]
[438 405]
[439 405]
[440 405]
[441 405]
[442 405]
[443 405]
[444 405]
[445 405]
[446 405]
[447 405]
[448 405]
[449 405]
[450 405]
[451 405]
[452 405]
[453 405]
[454 405]
[455 405]
[456 405]
[457 405]
[458 405]
[459 405]
[460 405]
[461 405]
[462 405]
[463 405]
[464 405]
[465 405]
[466 405]
[467 405]
[468 405]
[469 405]
[470 405]
[471 405]
[472 405]
[473 405]
[474 405]
[475 405]
[476 405]
[477 405]
[478 405]
[479 404]
[480 404]
[481 404]
[482 404]
[483 404]
[484 404]
[485 404]
[486 404]
[487 404]
[488 404]
[489 404]
[490 403]
[491 403]
[492 403]
[493 403]
[494 403]
[495 403]
[496 403]
[497 403]
[498 403]
[499 402]
[500 402]
[501 402]
[502 402]
[503 402]
[504 402]
[505 402]
[506 402]
[507 402]
[508 402]
[509 402]
[510 402]
[511 402]
[512 402]
[513 402]
[514 402]
[515 402]
[516 402]
[517 402]
[518 402]
[519 402]
[520 402]
[521 402]
[522 402]
[523 402]
[524 402]
[525 402]
[526 402]
[527 402]
[528 402]
[529 402]
[530 402]
[531 402]
[532 402]
[533 402]
[534 402]
[535 402]
[536 402]
[537 402]
[538 402]
[539 402]
[540 402]
[541 402]
[542 402]
[543 402]
[544 402]
[545 402]
[546 402]
[547 402]
[548 402]
[549 402]
[550 402]
[551 402]
[552 402]
[553 402]
[554 402]
[555 402]
[556 402]
[557 402]
[558 402]
[559 402]
[560 401]
[561 401]
[562 401]
[563 401]
[564 401]
[565 401]
[566 401]
[567 401]
[568 401]
[569 401]
[570 401]
[571 401]
[572 401]
[573 401]
[574 401]
[575 401]
[576 401]
[577 401]
[578 401]
[579 401]
[580 401]
[581 401]
[582 401]
[583 401]
[584 401]
[585 401]
[586 401]
[587 401]
[588 401]
[589 400]
[590 400]
[591 400]
[592 400]
[593 400]
[594 400]
[595 400]
[596 400]
[597 400]
[598 400]
[599 400]
[600 400]
[601 400]
[602 400]
[603 400]
[604 400]
[605 400]
[606 400]
[607 400]
[608 400]
[609 400]
[610 400]
[611 400]
[612 400]
[613 400]
[614 400]
[615 400]
[616 399]
[617 399]
[618 399]
[619 399]
[620 399]
[621 399]
[622 399]
[623 399]
[624 399]
[625 399]
[626 399]
[627 399]
[628 399]
[629 398]
[630 398]
[631 398]
[632 398]
[633 398]
[634 398]
[635 398]
[636 398]
[637 398]
[638 398]
[639 398]
[640 398]
[641 398]
[642 398]
[643 398]
[644 398]
[645 398]
[646 398]
[647 398]
[648 398]
[649 397]
[650 397]
[651 397]
[652 397]
[653 397]
[654 397]
[655 397]
[656 397]
[657 397]
[658 397]
[659 397]
[660 397]
[661 397]
[662 398]
[663 398]
[664 398]
[665 398]
[666 398]
[667 398]
[668 398]
[669 398]
[670 398]
[671 398]
[672 398]
[673 398]
[674 398]
[675 398]
[676 398]
[677 398]
[678 398]
[679 398]
[680 398]
[681 398]
[682 398]
[683 398]
[684 398]
[685 398]
[686 398]
[687 398]
[688 398]
[689 398]
[690 398]
[691 398]
[692 398]
[693 398]
[694 398]
[695 398]
[696 398]
[697 398]
[698 398]
[699 397]
[700 397]
[701 397]
[702 397]
[703 396]
[704 396]
[705 395]
[706 394]
[707 394]
[708 393]
[709 392]
[710 391]
[711 390]
[712 390]
[713 389]
[714 388]
[715 387]
[716 386]
[717 385]
[718 384]
[719 383]
[720 382]
[721 381]
[722 380]
[723 379]
[724 378]
[725 377]
[726 376]
[727 375]
[728 374]
[729 373]
[730 372]
[731 371]
[732 370]
[733 369]
[734 368]
[735 367]
[736 366]
[737 365]
[738 364]
[739 363]
[740 362]
[741 361]
[742 360]
[743 359]
[744 358]
[745 357]
[746 356]
[747 356]
[748 355]
[749 354]
[750 353]
[751 352]
[752 351]
[753 350]
[754 349]
[755 348]
[756 347]
[757 346]
[758 345]
[759 344]
[760 343]
[761 342]
[762 341]
[763 340]
[764 339]
[765 338]
[766 337]
[767 336]
[768 335]
[769 334]
[770 333]
[771 332]
[772 332]
[773 331]
[774 330]
[775 329]
[776 328]
[777 327]
[778 326]
[779 325]
[780 324]
[781 323]
[782 322]
[783 321]
[784 320]
[785 319]
[786 318]
[787 317]
[788 316]
[789 315]
[790 314]
[791 313]
[792 312]
[793 311]
[794 310]
[795 309]
[796 308]
[797 307]
[798 306]
[799 305]
[800 304]
[801 303]
[802 302]
[803 301]
[804 300]
[805 299]
[806 298]
[806 297]
[807 296]
[808 295]
[809 294]
[810 293]
[811 292]
[812 291]
[813 290]
[814 289]
[815 288]
[816 287]
[817 286]
[818 285]
[819 284]
[820 283]
[820 282]
[821 281]
[822 280]
[823 279]
[824 278]
[825 277]
[826 276]
[827 275]
[828 275]
[829 274]
[830 273]
[831 272]
[832 271]
[833 270]
[834 269]
[835 268]
[835 267]
[836 266]
[837 265]
[838 264]
[839 263]
[840 262]
[841 261]
[842 260]
[843 259]
[844 258]
[845 257]
[846 256]
[847 255]
[848 254]
[849 253]
[850 252]
[851 251]
[852 250]
[853 249]
[854 248]
[855 247]
[856 246]
[857 245]
[858 244]
[859 243]
[860 242]
[861 241]
[862 240]
[863 239]
[864 238]
[865 237]
[866 236]
[867 235]
[868 234]
[869 233]
[870 232]
[870 231]
[871 230]
[872 229]
[872 228]
[873 227]
[872 226]
[872 225]
[872 224]
[871 224]
[870 223]
[869 222]
[868 222]
[867 222]
[866 222]
[865 222]
[864 222]
[863 222]
[862 222]
[861 222]
[860 222]
[859 222]
[858 222]
[857 222]
[856 222]
[855 222]
[854 222]
[853 222]
[852 222]
[851 222]
[850 222]
[849 222]
[848 222]
[847 222]
[846 222]
[845 222]
[844 222]
[843 222]
[842 222]
[841 222]
[840 222]
[839 222]
[838 222]
[837 222]
[836 222]
[835 222]
[834 222]
[833 222]
[832 222]
[831 222]
[830 222]
[829 222]
[828 222]
[827 222]
[826 222]
[825 222]
[824 222]
[823 222]
[822 222]
[821 222]
[820 222]
[819 222]
[818 222]
[817 222]
