[783 102]
[782 103]
[781 103]
[780 103]
[779 103]
[778 103]
[777 103]
[776 103]
[775 103]
[774 104]
[773 104]
[772 105]
[771 105]
[770 106]
[769 107]
[769 108]
[768 109]
[768 110]
[768 111]
[768 112]
[768 113]
[768 114]
[768 115]
[769 116]
[769 117]
[770 118]
[771 119]
[772 120]
[773 121]
[774 122]
[775 123]
[776 124]
[777 125]
[778 126]
[779 127]
[780 127]
[781 128]
[782 129]
[783 130]
[784 131]
[785 132]
[786 133]
[787 134]
[788 135]
[789 136]
[790 137]
[791 138]
[792 138]
[793 139]
[794 140]
[795 141]
[796 142]
[797 143]
[798 144]
[799 144]
[800 145]
[801 146]
[802 147]
[803 148]
[804 149]
[805 150]
[806 151]
[807 152]
[808 153]
[809 154]
[810 155]
[811 156]
[812 157]
[813 158]
[814 159]
[815 160]
[816 161]
[817 162]
[818 163]
[819 164]
[820 165]
[821 166]
[822 167]
[823 168]
[824 169]
[825 170]
[826 171]
[827 172]
[828 173]
[829 174]
[830 175]
[831 176]
[832 177]
[833 178]
[834 179]
[835 180]
[836 181]
[837 182]
[838 183]
[839 184]
[840 185]
[841 186]
[842 187]
[843 188]
[844 189]
[845 190]
[846 191]
[847 192]
[848 192]
[849 193]
[850 194]
[851 195]
[852 196]
[853 197]
[854 198]
[855 199]
[856 199]
[857 200]
[858 201]
[859 202]
[860 203]
[861 204]
[862 205]
[863 206]
[864 207]
[865 208]
[866 209]
[867 210]
[868 211]
[869 212]
[870 213]
[871 214]
[872 215]
[873 216]
[874 217]
[875 218]
[876 219]
[877 220]
[878 221]
[879 222]
[880 223]
[881 224]
[882 225]
[883 226]
[884 227]
[885 228]
[886 228]
[887 229]
[888 230]
[889 231]
[890 231]
[891 232]
[892 233]
[893 234]
[894 234]
[895 235]
[896 236]
[897 237]
[898 237]
[899 238]
[900 239]
[901 240]
[902 241]
[903 242]
[904 243]
[905 244]
[906 245]
[907 246]
[908 247]
[909 248]
[910 249]
[911 250]
[912 251]
[913 252]
[914 253]
[915 254]
[916 255]
[917 256]
[918 257]
[919 258]
[920 259]
[921 259]
[922 260]
[923 261]
[924 262]
[925 263]
[926 264]
[927 265]
[928 266]
[929 266]
[930 267]
[930 268]
[931 269]
[932 270]
[933 270]
[934 271]
[935 272]
[936 273]
[937 274]
[938 274]
[939 275]
[940 276]
[941 276]
[942 277]
[943 278]
[944 279]
[945 280]
[946 281]
[947 282]
[947 283]
[948 284]
[949 285]
[950 286]
[951 287]
[952 288]
[953 289]
[954 290]
[955 291]
[956 292]
[957 293]
[958 294]
[959 295]
[960 296]
[961 296]
[962 297]
[963 297]
[964 297]
[965 298]
[966 298]
[967 298]
[968 298]
[969 299]
[970 299]
[971 299]
[972 299]
[973 299]
[974 299]
[975 299]
[976 299]
[977 300]
[978 300]
[979 300]
[980 300]
[981 300]
[982 300]
[983 300]
[984 300]
[985 300]
[986 300]
[987 300]
[988 300]
[989 300]
[990 300]
[991 300]
[992 300]
[993 300]
[994 300]
[995 300]
[996 301]
[997 301]
[998 301]
[999 301]
[1000  301]
[1001  301]
[1002  301]
[1003  301]
[1004  301]
[1005  301]
[1006  301]
[1007  301]
[1008  302]
[1009  302]
[1010  302]
[1011  302]
[1012  302]
[1013  302]
[1014  302]
[1015  302]
[1016  302]
[1017  302]
[1018  302]
[1019  302]
[1020  302]
[1021  302]
[1022  302]
[1023  302]
[1024  302]
[1025  302]
[1026  302]
[1027  302]
[1028  302]
[1029  302]
[1030  302]
[1031  302]
[1032  302]
[1033  302]
[1034  302]
[1035  302]
[1036  302]
[1037  302]
[1038  302]
[1039  302]
[1040  302]
[1041  303]
[1042  303]
[1043  303]
[1044  303]
[1045  303]
[1046  303]
[1047  303]
[1048  303]
[1049  303]
[1050  303]
[1051  303]
[1052  303]
[1053  303]
[1054  303]
[1055  303]
[1056  303]
[1057  303]
[1058  303]
[1059  303]
[1060  303]
[1061  303]
[1062  303]
[1063  303]
[1064  303]
[1065  303]
[1066  303]
[1067  303]
[1068  303]
[1069  303]
[1070  303]
[1071  303]
[1072  303]
[1073  303]
[1074  303]
[1075  303]
[1076  303]
[1077  303]
[1078  303]
[1079  304]
[1080  304]
[1081  304]
[1082  304]
[1083  304]
[1084  304]
[1085  304]
[1086  304]
[1087  304]
[1088  304]
[1089  304]
[1090  304]
[1091  304]
[1092  304]
[1093  304]
[1094  304]
[1095  304]
[1096  304]
[1097  304]
[1098  304]
[1099  304]
[1100  304]
[1101  304]
[1102  304]
[1103  305]
[1104  305]
[1105  305]
[1106  305]
[1107  305]
[1108  305]
[1109  306]
[1110  306]
[1111  306]
[1112  306]
[1113  306]
[1114  306]
[1115  306]
[1116  306]
[1117  306]
[1118  306]
[1119  306]
[1120  306]
[1121  306]
[1122  306]
[1123  306]
[1124  306]
[1125  306]
[1126  305]
[1127  305]
[1128  305]
[1129  305]
[1130  305]
[1131  305]
[1132  305]
[1133  305]
[1134  305]
[1135  305]
[1136  305]
[1137  305]
[1138  305]
[1139  305]
[1140  305]
[1141  305]
[1142  305]
[1143  305]
[1144  305]
[1145  305]
[1146  305]
[1147  305]
[1148  305]
[1149  305]
[1150  305]
[1151  305]
[1152  305]
[1153  305]
[1154  305]
[1155  305]
[1156  305]
[1157  304]
[1158  304]
[1159  304]
[1160  304]
[1161  304]
[1162  304]
[1163  304]
[1164  304]
[1165  304]
[1166  304]
[1167  304]
[1168  305]
[1169  305]
[1170  305]
[1171  305]
[1172  305]
[1173  305]
[1174  305]
[1175  305]
[1176  305]
[1177  305]
[1178  305]
[1179  305]
[1180  304]
[1181  304]
[1182  304]
[1183  304]
[1184  304]
[1185  304]
[1186  304]
[1187  304]
[1188  304]
[1189  304]
[1190  304]
[1191  305]
[1192  305]
[1193  305]
[1194  305]
[1195  305]
[1196  305]
[1197  305]
[1198  305]
[1199  305]
[1200  305]
[1201  305]
[1202  305]
[1203  305]
[1204  305]
[1205  305]
[1206  305]
[1207  305]
[1208  305]
[1209  305]
[1210  305]
[1211  305]
[1212  305]
[1213  305]
[1214  305]
[1215  305]
[1216  305]
[1217  305]
[1218  305]
[1219  305]
[1220  305]
[1221  305]
[1222  305]
[1223  305]
[1224  305]
[1225  305]
[1226  305]
[1227  305]
[1228  305]
[1229  305]
[1230  305]
[1231  305]
[1232  305]
[1233  305]
[1234  305]
[1235  305]
[1236  305]
[1237  305]
[1238  305]
[1239  305]
[1240  305]
[1241  306]
[1242  306]
[1243  306]
[1244  306]
[1245  306]
[1246  306]
[1247  306]
[1248  306]
[1249  306]
[1250  306]
[1251  306]
[1252  305]
[1253  305]
[1254  304]
[1255  304]
[1256  303]
[1256  302]
[1256  301]
[1255  300]
[1255  299]
[1255  298]
[1254  297]
[1254  296]
[1253  295]
[1252  294]
[1252  293]
[1252  292]
[1252  291]
[1251  290]
[1251  289]
[1250  288]
[1250  287]
[1250  286]
[1249  285]
[1249  284]
[1248  283]
[1248  282]
[1247  281]
[1246  280]
[1246  279]
[1245  278]
[1244  277]
[1243  276]
[1242  276]
[1241  275]
[1240  274]
[1239  273]
[1238  273]
[1237  272]
[1236  271]
[1235  271]
[1234  270]
[1233  270]
[1232  269]
[1231  268]
[1230  267]
[1229  267]
[1228  266]
[1227  266]
[1226  265]
[1225  264]
[1224  263]
[1224  262]
[1224  261]
[1223  260]
[1223  259]
[1222  258]
[1222  257]
[1221  256]
[1220  255]
[1220  254]
[1219  253]
[1219  252]
[1219  251]
[1218  250]
[1218  249]
[1217  248]
[1216  247]
[1215  247]
[1214  246]
[1213  245]
[1212  244]
[1211  244]
[1210  243]
[1209  243]
[1208  242]
[1207  241]
[1206  240]
[1205  239]
[1204  238]
[1203  237]
[1202  236]
[1201  235]
[1200  234]
[1199  233]
[1198  232]
[1197  231]
[1196  230]
[1195  230]
[1194  229]
[1193  228]
[1192  228]
[1191  227]
[1190  227]
[1189  226]
[1188  226]
[1187  225]
[1186  225]
[1185  225]
[1184  225]
[1183  224]
[1182  224]
[1181  223]
[1180  223]
[1179  222]
[1178  222]
[1177  221]
[1176  220]
[1175  219]
[1174  218]
[1173  217]
[1172  216]
[1171  215]
[1170  214]
[1170  213]
[1169  213]
[1168  212]
[1167  211]
[1166  210]
[1165  210]
[1164  209]
[1163  209]
[1162  208]
[1161  207]
[1160  206]
[1159  206]
[1158  205]
[1157  204]
[1156  203]
[1155  202]
[1154  201]
[1154  200]
[1153  199]
[1152  198]
[1152  197]
[1151  196]
[1151  195]
[1150  195]
[1149  194]
[1148  193]
[1147  193]
[1146  192]
[1146  191]
[1145  191]
[1144  190]
[1143  189]
[1142  188]
[1141  187]
[1140  187]
[1139  186]
[1138  185]
[1137  185]
[1136  184]
[1135  183]
[1134  183]
[1133  182]
[1132  181]
[1131  181]
[1130  181]
[1129  180]
[1128  180]
[1127  180]
[1126  179]
[1125  178]
[1124  177]
[1123  176]
[1122  175]
[1121  174]
[1120  173]
[1119  172]
[1119  171]
[1119  170]
[1119  169]
[1118  168]
[1118  167]
[1117  166]
[1116  165]
[1115  164]
[1114  163]
[1113  162]
[1112  162]
[1111  161]
[1110  160]
[1109  160]
[1108  159]
[1107  158]
[1106  157]
[1105  157]
[1104  156]
[1103  155]
[1102  154]
[1101  154]
[1100  153]
[1099  152]
[1098  151]
[1097  150]
[1096  149]
[1095  149]
[1094  148]
[1093  148]
[1092  148]
[1091  147]
[1090  147]
[1089  146]
[1088  145]
[1087  145]
[1086  144]
[1085  143]
[1084  142]
[1083  141]
[1082  140]
[1081  139]
[1080  138]
[1079  137]
[1078  136]
[1077  135]
[1077  134]
[1076  133]
[1075  132]
[1074  131]
[1073  130]
[1072  129]
[1071  129]
[1070  128]
[1069  127]
[1068  126]
[1068  125]
[1067  124]
[1066  123]
[1065  122]
[1064  121]
[1063  120]
[1063  119]
[1062  118]
[1061  117]
[1061  116]
[1060  115]
[1059  114]
[1058  113]
[1057  112]
[1056  111]
[1055  111]
[1054  110]
[1053  110]
[1052  109]
[1051  109]
[1050  108]
[1049  108]
[1048  108]
[1047  108]
[1046  107]
[1045  107]
[1044  107]
[1043  106]
[1042  106]
[1041  106]
[1040  106]
[1039  106]
[1038  105]
[1037  105]
[1036  105]
[1035  105]
[1034  105]
[1033  105]
[1032  105]
[1031  105]
[1030  105]
[1029  105]
[1028  105]
[1027  105]
[1026  105]
[1025  105]
[1024  105]
[1023  105]
[1022  105]
[1021  105]
[1020  105]
[1019  105]
[1018  105]
[1017  105]
[1016  105]
[1015  105]
[1014  105]
[1013  105]
[1012  105]
[1011  105]
[1010  105]
[1009  105]
[1008  105]
[1007  105]
[1006  105]
[1005  105]
[1004  105]
[1003  105]
[1002  105]
[1001  105]
[1000  105]
[999 105]
[998 105]
[997 105]
[996 105]
[995 105]
[994 105]
[993 105]
[992 105]
[991 105]
[990 105]
[989 105]
[988 105]
[987 105]
[986 105]
[985 105]
[984 105]
[983 105]
[982 105]
[981 105]
[980 105]
[979 105]
[978 105]
[977 105]
[976 105]
[975 105]
[974 105]
[973 105]
[972 104]
[971 104]
[970 104]
[969 104]
[968 104]
[967 104]
[966 104]
[965 104]
[964 104]
[963 104]
[962 104]
[961 104]
[960 104]
[959 104]
[958 104]
[957 104]
[956 104]
[955 104]
[954 104]
[953 104]
[952 104]
[951 104]
[950 104]
[949 104]
[948 104]
[947 104]
[946 104]
[945 104]
[944 104]
[943 104]
[942 104]
[941 104]
[940 104]
[939 104]
[938 104]
[937 104]
[936 104]
[935 104]
[934 104]
[933 104]
[932 104]
[931 104]
[930 104]
[929 104]
[928 104]
[927 104]
[926 104]
[925 104]
[924 104]
[923 104]
[922 104]
[921 104]
[920 104]
[919 104]
[918 104]
[917 104]
[916 105]
[915 105]
[914 105]
[913 105]
[912 105]
[911 105]
[910 105]
[909 105]
[908 105]
[907 105]
[906 105]
[905 105]
[904 105]
[903 104]
[902 104]
[901 104]
[900 104]
[899 105]
[898 105]
[897 105]
[896 104]
[895 104]
[894 104]
[893 104]
[892 104]
[891 104]
[890 104]
[889 104]
[888 104]
[887 104]
[886 104]
[885 104]
[884 104]
[883 104]
[882 104]
[881 104]
[880 104]
[879 104]
[878 104]
[877 104]
[876 104]
[875 104]
[874 104]
[873 104]
[872 104]
[871 104]
[870 104]
[869 104]
[868 104]
[867 104]
[866 104]
[865 104]
[864 104]
[863 104]
[862 104]
[861 104]
[860 104]
[859 104]
[858 104]
[857 104]
[856 104]
[855 103]
[854 103]
[853 103]
[852 103]
[851 103]
[850 103]
[849 103]
[848 103]
[847 103]
[846 103]
[845 103]
[844 103]
[843 103]
[842 103]
[841 103]
[840 103]
[839 103]
[838 103]
[837 103]
[836 103]
[835 103]
[834 103]
[833 103]
[832 103]
[831 103]
[830 103]
[829 102]
[828 102]
[827 102]
[826 102]
[825 102]
[824 102]
[823 102]
[822 102]
[821 102]
[820 102]
[819 102]
[818 102]
[817 102]
[816 102]
[815 102]
[814 102]
[813 102]
[812 102]
[811 102]
[810 102]
[809 102]
[808 102]
[807 102]
[806 102]
[805 102]
[804 102]
[803 102]
[802 102]
[801 102]
[800 102]
[799 102]
[798 102]
[797 102]
[796 102]
[795 102]
[794 102]
[793 102]
[792 102]
[791 102]
[790 102]
[789 102]
[788 102]
[787 102]
[786 102]
[785 102]
[784 102]
